================================================================================
LISTING 1. INDIVIDUAL OBSERVED PLASMA CONCENTRATIONS — ABCmAb (N=22)
Study: ABC-mAb-101 | Analyte: ABCmAb Parent Compound | Units: µg/mL
================================================================================

Subject    Nom.Time   Act.Time Conc.(µg/mL)        BLQ   Dev.Flag
                (h)        (h)                                   
----------------------------------------------------------------- 

  SUBJ-01
                0.0        0.0          BLQ        BLQ           
               24.0       25.3       18.420                  *DEV
               48.0       47.4       32.670                      
               72.0       73.0       41.850                      
               96.0       96.4       47.230                      
              168.0      168.1       52.100                      
              336.0      336.7       44.310                      
              504.0      502.9       34.780                  *DEV
              672.0      672.5       24.650                      
              840.0      840.6       15.920                      
             1008.0     1007.9        9.440                      

  SUBJ-02
                0.0        0.0          BLQ        BLQ           
               24.0       25.3       16.880                  *DEV
               48.0       47.3       29.540                      
               72.0       71.9       38.620                      
               96.0       97.3       43.700                  *DEV
              168.0      169.4       49.330                  *DEV
              336.0      334.9       41.200                  *DEV
              504.0      503.9       31.950                      
              672.0      672.2       22.410                      
              840.0      841.2       14.120                  *DEV
             1008.0     1006.9        8.050                  *DEV

  SUBJ-03
                0.0        0.0          BLQ        BLQ           
               24.0       25.3       20.150                  *DEV
               48.0       46.7       35.880                  *DEV
               72.0       72.0       45.200                      
               96.0       95.7       51.670                      
              168.0      169.2       57.440                  *DEV
              336.0      335.8       48.900                      
              504.0      505.0       38.110                      
              672.0      672.7       27.230                      
              840.0      840.9       17.550                      
             1008.0     1007.7       10.820                      

  SUBJ-04
                0.0        0.0          BLQ        BLQ           
               24.0       22.5       15.300                  *DEV
               48.0       49.0       27.440                      
               72.0       70.5       35.910                  *DEV
               96.0       95.1       40.880                      
              168.0      169.2       45.620                  *DEV
              336.0      336.3       38.150                      
              504.0      503.6       28.770                      
              672.0      671.8       19.420                      
              840.0      838.6       11.880                  *DEV
             1008.0     1009.4        6.210                  *DEV

  SUBJ-05
                0.0        0.0          BLQ        BLQ           
               24.0       25.4       21.770                  *DEV
               48.0       49.2       37.920                  *DEV
               72.0       72.4       48.550                      
               96.0       97.4       55.030                  *DEV
              168.0      168.4       61.180                      
              336.0      335.5       52.440                      
              504.0      503.5       41.300                      
              672.0      671.7       29.870                      
              840.0      840.9       19.440                      
             1008.0     1006.6       12.100                  *DEV

  SUBJ-06
                0.0        0.0          BLQ        BLQ           
               24.0       24.5       17.550                      
               48.0       47.0       30.880                      
               72.0       71.3       40.140                      
               96.0       96.0       45.920                      
              168.0      168.5       51.070                      
              336.0      337.4       42.880                  *DEV
              504.0      504.8       33.210                      
              672.0      672.2       23.440                      
              840.0      841.0       14.770                      
             1008.0     1007.1        8.550                      

  SUBJ-07
                0.0        0.0          BLQ        BLQ           
               24.0       25.0       19.440                      
               48.0       48.6       34.220                      
               72.0       71.2       43.880                      
               96.0       94.6       50.110                  *DEV
              168.0      166.9       55.770                  *DEV
              336.0      335.1       47.330                      
              504.0      503.9       36.880                      
              672.0      671.1       26.220                      
              840.0      840.7       16.770                      
             1008.0     1006.5       10.000                  *DEV

  SUBJ-08
                0.0        0.0          BLQ        BLQ           
               24.0       24.0       16.110                      
               48.0       46.5       28.440                  *DEV
               72.0       72.2       37.220                      
               96.0       95.0       42.550                      
              168.0      167.6       47.440                      
              336.0      336.4       39.660                      
              504.0      504.8       30.220                      
              672.0      672.2       21.000                      
              840.0      839.2       12.880                      
             1008.0     1006.8        7.110                  *DEV

  SUBJ-09
                0.0        0.0          BLQ        BLQ           
               24.0       23.4       18.880                      
               48.0       48.5       33.550                      
               72.0       70.5       43.110                  *DEV
               96.0       95.1       49.000                      
              168.0      169.3       54.330                  *DEV
              336.0      337.3       45.770                  *DEV
              504.0      504.7       35.550                      
              672.0      671.5       25.110                      
              840.0      840.0       15.880                      
             1008.0     1008.7        9.220                      

  SUBJ-10
                0.0        0.0          BLQ        BLQ           
               24.0       24.4       17.220                      
               48.0       47.2       30.110                      
               72.0       71.1       39.440                      
               96.0       95.7       44.770                      
              168.0      169.3       50.000                  *DEV
              336.0      337.4       41.880                  *DEV
              504.0      504.7       32.440                      
              672.0      672.7       22.880                      
              840.0      840.1       14.330                      
             1008.0     1006.5        8.110                  *DEV

  SUBJ-11
                0.0        0.0          BLQ        BLQ           
               24.0       25.0       22.440                      
               48.0       48.8       39.110                      
               72.0       71.9       50.000                      
               96.0       96.1       57.220                      
              168.0      168.1       63.550                      
              336.0      334.5       54.330                  *DEV
              504.0      503.6       43.000                      
              672.0      672.3       31.110                      
              840.0      841.0       20.330                      
             1008.0     1007.6       13.000                      

  SUBJ-12
                0.0        0.0          BLQ        BLQ           
               24.0       24.2       14.770                      
               48.0       48.3       26.440                      
               72.0       72.7       34.550                      
               96.0       95.7       39.330                      
              168.0      169.3       43.770                  *DEV
              336.0      337.4       36.440                  *DEV
              504.0      503.2       27.110                      
              672.0      672.7       18.220                      
              840.0      841.2       10.880                  *DEV
             1008.0     1008.3        5.550                      

  SUBJ-13
                0.0        0.0          BLQ        BLQ           
               24.0       25.3       20.550                  *DEV
               48.0       49.1       36.220                  *DEV
               72.0       72.2       46.440                      
               96.0       97.0       52.880                      
              168.0      166.8       58.770                  *DEV
              336.0      336.8       49.880                      
              504.0      504.4       39.220                      
              672.0      670.9       28.110                  *DEV
              840.0      838.7       18.000                  *DEV
             1008.0     1007.9       11.220                      

  SUBJ-14
                0.0        0.0          BLQ        BLQ           
               24.0       24.7       16.550                      
               48.0       49.0       29.000                      
               72.0       71.0       37.880                      
               96.0       97.3       43.110                  *DEV
              168.0      167.4       48.000                      
              336.0      334.9       40.110                  *DEV
              504.0      504.7       30.770                      
              672.0      671.5       21.440                      
              840.0      840.8       13.220                      
             1008.0     1007.7        7.440                      

  SUBJ-15
                0.0        0.0          BLQ        BLQ           
               24.0       24.8       21.110                      
               48.0       47.1       37.000                      
               72.0       70.6       47.330                  *DEV
               96.0       94.9       53.770                  *DEV
              168.0      168.5       59.880                      
              336.0      337.3       51.110                  *DEV
              504.0      504.2       40.440                      
              672.0      672.3       29.000                      
              840.0      839.1       18.770                      
             1008.0     1008.1       11.550                      

  SUBJ-16
                0.0        0.0          BLQ        BLQ           
               24.0       23.9       15.880                      
               48.0       47.5       27.770                      
               72.0       70.8       36.330                  *DEV
               96.0       95.1       41.440                      
              168.0      168.7       46.220                      
              336.0      335.7       38.550                      
              504.0      503.7       29.330                      
              672.0      671.9       20.110                      
              840.0      839.8       12.330                      
             1008.0     1006.9        6.770                  *DEV

  SUBJ-17
                0.0        0.0          BLQ        BLQ           
               24.0       24.3       19.220                      
               48.0       48.9       33.880                      
               72.0       72.8       43.440                      
               96.0       97.3       49.550                  *DEV
              168.0      169.1       55.220                  *DEV
              336.0      335.5       46.660                      
              504.0      503.3       36.330                      
              672.0      672.7       25.770                      
              840.0      840.7       16.220                      
             1008.0     1009.3        9.660                  *DEV

  SUBJ-18
                0.0        0.0          BLQ        BLQ           
               24.0       22.9       16.330                  *DEV
               48.0       47.4       28.880                      
               72.0       71.1       37.550                      
               96.0       96.9       42.880                      
              168.0      166.9       47.770                  *DEV
              336.0      334.9       39.880                  *DEV
              504.0      502.7       30.550                  *DEV
              672.0      670.7       21.220                  *DEV
              840.0      840.1       13.000                      
             1008.0     1006.8        7.220                  *DEV

  SUBJ-19
                0.0        0.0          BLQ        BLQ           
               24.0       24.7       18.110                      
               48.0       49.2       32.000                  *DEV
               72.0       72.1       41.220                      
               96.0       97.1       46.880                  *DEV
              168.0      167.8       52.330                      
              336.0      335.0       43.880                      
              504.0      503.8       34.110                      
              672.0      673.4       24.000                  *DEV
              840.0      840.0       15.110                      
             1008.0     1007.3        8.880                      

  SUBJ-20
                0.0        0.0          BLQ        BLQ           
               24.0       24.1       17.000                      
               48.0       48.4       29.770                      
               72.0       71.5       38.880                      
               96.0       94.7       44.220                  *DEV
              168.0      167.9       49.550                      
              336.0      337.0       41.440                      
              504.0      504.2       31.880                      
              672.0      671.6       22.550                      
              840.0      840.1       14.000                      
             1008.0     1009.2        7.880                  *DEV

  SUBJ-21
                0.0        0.0          BLQ        BLQ           
               24.0       23.0       21.550                      
               48.0       48.1       37.550                      
               72.0       73.4       48.000                  *DEV
               96.0       95.4       54.440                      
              168.0      169.0       60.550                      
              336.0      335.4       51.770                      
              504.0      503.1       40.880                      
              672.0      670.6       29.440                  *DEV
              840.0      839.2       19.110                      
             1008.0     1007.6       11.880                      

  SUBJ-22
                0.0        0.0          BLQ        BLQ           
               24.0       23.4       16.000                      
               48.0       46.6       28.110                  *DEV
               72.0       73.5       36.770                  *DEV
               96.0       96.9       41.880                      
              168.0      166.8       46.770                  *DEV
              336.0      337.1       39.000                  *DEV
              504.0      504.2       29.660                      
              672.0      671.8       20.550                      
              840.0      838.7       12.550                  *DEV
             1008.0     1008.2        6.440                      

*DEV: Sampling time deviation > 1 hour from nominal
